SNP	P	Chromosome	Position	Allele1	Allele2	BETA	Africa_est	SouthernAsian_est	EasternAsia_est	Europe_est	Amer_est	MiddleEast_est
7:106770331:A:G	4.266e-46	7	106770331	A	G	0.6844	0.053	0.395	0.1309	0.1988	0.1826	0.1465
10:103036128:G:GAC	4.642e-38	10	103036128	G	GAC	0.9074	0.01	0.01	0.01	0.01	0.01	0.01
2:26692756:T:G	1.134e-36	2	26692756	T	G	-0.4985	0.1585	0.3436	0.2479	0.6159	0.9072	0.7088
4:80261400:T:C	2.93e-33	4	80261400	T	C	0.5091	0.0393	0.253	0.4008	0.3012	0.2943	0.0812
1:11836799:A:C	2.746e-28	1	11836799	A	C	-0.9725	0.0275	0.01	0.01	0.0537	0.01	0.01
12:89696964:T:C	4.677e-26	12	89696964	T	C	-0.5523	0.0882	0.2924	0.3436	0.1553	0.041	0.3516
13:31605999:T:C	5.13e-26	13	31605999	T	C	0.4041	0.1971	0.2365	0.0931	0.5022	0.1669	0.3392
1:11862241:T:G	1.269e-25	1	11862241	T	G	-0.4263	0.4009	0.42	0.1887	0.3491	0.0289	0.2955
1:11821084:A:C	1.75e-25	1	11821084	A	C	-0.5276	0.1193	0.0518	0.01	0.0467	0.01	0.0585
1:10736490:A:G	3.325e-23	1	10736490	A	G	0.3872	0.1426	0.3617	0.606	0.3471	0.769	0.1131
1:10736490:A:G	3.325e-23	1	10736490	A	G	0.3872	0.1426	0.3617	0.606	0.3471	0.769	0.1131
7:27206377:T:C	8.083e-22	7	27206377	T	C	0.5745	0.7588	0.9668	0.5902	0.9238	0.7501	0.99
6:43385242:A:G	6.932e-21	6	43385242	A	G	-0.3657	0.2431	0.4144	0.6609	0.6773	0.5471	0.5045
7:27310988:A:G	1.295e-20	7	27310988	A	G	0.5627	0.1296	0.1192	0.0403	0.1019	0.222	0.1125
7:45968511:A:G	3.119e-20	7	45968511	A	G	-0.3427	0.3045	0.4744	0.7796	0.3986	0.076	0.7052
5:32831833:T:C	5.023e-20	5	32831833	T	C	0.3422	0.5639	0.4258	0.6605	0.6036	0.5014	0.5844
3:27446425:T:C	7.206e-20	3	27446425	T	C	-0.3763	0.01	0.5683	0.7403	0.3636	0.3216	0.2517
19:11416089:T:G	1.152e-19	19	11416089	T	G	0.3376	0.8306	0.4011	0.4975	0.5277	0.2862	0.2452
19:11416089:T:G	1.152e-19	19	11416089	T	G	0.3376	0.8306	0.401	0.4972	0.5277	0.286	0.2452
10:102928582:CA:C	9.485e-19	10	102928582	CA	C	-0.3564	0.01	0.01	0.0125	0.01	0.01	0.01
12:115114632:A:G	2.622e-18	12	115114632	A	G	-0.324	0.4155	0.4152	0.2232	0.3877	0.3024	0.2765
1:11771002:A:G	1.505e-17	1	11771002	A	G	0.3376	0.073	0.0574	0.0707	0.0676	0.1151	0.0378
5:158389119:A:G	3.006e-17	5	158389119	A	G	-0.329	0.3994	0.3504	0.2609	0.3657	0.3501	0.6016
13:31602712:A:AT	3.78e-17	13	31602712	A	AT	-0.335	0.0183	0.4227	0.8956	0.4497	0.2189	0.4757
2:226234818:A:G	1.562e-16	2	226234818	A	G	0.3143	0.6213	0.7361	0.935	0.6332	0.9758	0.7447
3:53545517:T:C	3.117e-16	3	53545517	T	C	0.7907	0.2998	0.01	0.0684	0.01	0.0796	0.01
20:10985350:A:G	3.521e-16	20	10985350	A	G	0.296	0.5239	0.6068	0.5386	0.4684	0.0127	0.242
7:19009765:A:G	5.444e-16	7	19009765	A	G	0.4011	0.2205	0.3599	0.3362	0.1457	0.3396	0.2935
11:1867384:T:C	6.445e-16	11	1867384	T	C	0.3222	0.0654	0.269	0.647	0.3722	0.8007	0.3916
15:90884967:T:C	7.024e-16	15	90884967	T	C	-0.3192	0.575	0.6643	0.8271	0.5266	0.99	0.5478
8:10403558:T:C	1.154e-15	8	10403558	T	C	0.3004	0.5166	0.403	0.7388	0.4492	0.9893	0.4056
5:32692430:A:C	1.884e-15	5	32692430	A	C	-0.301	0.4142	0.4179	0.1032	0.3593	0.3259	0.3874
2:164106976:T:C	3.018e-15	2	164106976	T	C	0.3111	0.0278	0.4966	0.5387	0.5465	0.2371	0.2414
4:110416322:A:G	4.202e-15	4	110416322	A	G	-0.3521	0.01	0.3176	0.4737	0.43	0.4741	0.2236
4:110416322:A:G	4.202e-15	4	110416322	A	G	-0.3521	0.01	0.3176	0.4737	0.43	0.4741	0.2236
13:31437328:T:C	4.204e-15	13	31437328	T	C	-0.3052	0.5531	0.3125	0.3045	0.326	0.4167	0.2278
8:11576271:T:C	4.949e-15	8	11576271	T	C	-0.295	0.613	0.4147	0.0196	0.5243	0.0465	0.77
10:18437125:A:G	1.068e-14	10	18437125	A	G	-0.3352	0.0809	0.4463	0.0174	0.2934	0.0379	0.3332
10:18437125:A:G	1.068e-14	10	18437125	A	G	-0.3352	0.0809	0.4463	0.0174	0.2934	0.038	0.3332
5:128536057:T:C	1.12e-14	5	128536057	T	C	0.3135	0.9012	0.3052	0.1733	0.3112	0.1072	0.2616
17:61394762:A:G	1.386e-14	17	61394762	A	G	0.3453	0.7195	0.6079	0.5951	0.7556	0.3516	0.6302
3:53523985:A:G	1.657e-14	3	53523985	A	G	0.332	0.914	0.3409	0.4732	0.6835	0.3987	0.7376
7:151718147:T:C	4.823e-14	7	151718147	T	C	0.3213	0.113	0.0892	0.0394	0.2864	0.0176	0.5477
10:102903919:A:G	5.374e-14	10	102903919	A	G	-0.3108	0.0429	0.1292	0.0775	0.0551	0.1176	0.0839
1:112504257:A:C	5.798e-14	1	112504257	A	C	0.5423	0.01	0.01	0.32	0.0755	0.2784	0.01
13:114259923:A:G	6.224e-14	13	114259923	A	G	0.314	0.6342	0.1939	0.0883	0.2262	0.0203	0.3051
11:47385041:T:C	1.326e-13	11	47385041	T	C	0.2743	0.4806	0.6479	0.3668	0.5213	0.0807	0.6709
5:158602542:A:G	2.264e-13	5	158602542	A	G	0.2819	0.6396	0.3452	0.3483	0.3719	0.5465	0.3075
10:102803607:CT:C	2.895e-13	10	102803607	CT	C	-0.3729	0.01	0.01	0.01	0.01	0.01	0.01
12:50148922:A:AAAAAAAT	2.907e-13	12	50148922	A	AAAAAAAT	-0.2873	0.0125	0.038	0.0669	0.0155	0.1439	0.0021
6:126776630:T:C	3.185e-13	6	126776630	T	C	0.2953	0.1061	0.4573	0.4692	0.4643	0.2152	0.5295
12:50117625:T:C	3.205e-13	12	50117625	T	C	-0.2884	0.9404	0.716	0.9153	0.6265	0.7894	0.345
11:100662632:CCTAT:C	3.303e-13	11	100662632	CCTAT	C	-0.2878	0.37	0.5314	0.7157	0.2898	0.7835	0.2155
4:80235944:T:C	4.707e-13	4	80235944	T	C	0.2913	0.4488	0.247	0.098	0.2845	0.01	0.0524
12:20207394:A:G	4.737e-13	12	20207394	A	G	-0.3117	0.1148	0.1823	0.024	0.3265	0.1102	0.4786
15:80726202:T:C	4.787e-13	15	80726202	T	C	0.2945	0.0551	0.1923	0.0583	0.4797	0.0933	0.3266
12:54049957:A:AAAC	5.374e-13	12	54049957	A	AAAC	-0.3043	0.2774	0.3257	0.4169	0.2858	0.3541	0.1952
3:134094505:A:G	5.513e-13	3	134094505	A	G	0.2976	0.7708	0.8648	0.8605	0.6135	0.767	0.9848
17:18272688:A:AT	6.405e-13	17	18272688	A	AT	-0.2804	0.01	0.01	0.01	0.01	0.01	0.01
3:20075547:T:G	7.372e-13	3	20075547	T	G	-0.2702	0.5015	0.3096	0.4223	0.4357	0.407	0.0404
3:11371130:T:C	7.634e-13	3	11371130	T	C	0.2741	0.3398	0.5999	0.7033	0.6278	0.2297	0.3042
13:31519829:T:TG	9.241e-13	13	31519829	T	TG	-0.3121	0.295	0.594	0.3077	0.286	0.2638	0.3107
1:11772904:A:ATTATTATTATTATTATTATTATTATT	9.585e-13	1	11772904	A	ATTATTATTATTATTATTATTATTATT	0.2828	0.1197	0.1134	0.2479	0.3007	0.4652	0.4234
11:1984564:A:C	9.919e-13	11	1984564	A	C	0.3243	0.4708	0.4538	0.4727	0.4715	0.5227	0.4752
20:44166512:A:G	1.023e-12	20	44166512	A	G	0.2695	0.5086	0.4119	0.3815	0.4644	0.0788	0.504
2:26681997:A:G	1.148e-12	2	26681997	A	G	-0.3116	0.9216	0.5726	0.2808	0.6883	0.9132	0.7126
4:105989801:T:C	1.793e-12	4	105989801	T	C	0.2906	0.6495	0.7232	0.6174	0.7691	0.2444	0.6738
19:17101600:T:C	2.063e-12	19	17101600	T	C	0.2698	0.5605	0.293	0.3321	0.2852	0.5534	0.6836
11:1989184:A:G	2.138e-12	11	1989184	A	G	-0.3016	0.01	0.1329	0.243	0.4776	0.168	0.4877
19:2191797:A:C	4.003e-12	19	2191797	A	C	0.6299	0.0484	0.0139	0.1423	0.0461	0.0617	0.01
16:75430188:T:C	7e-12	16	75430188	T	C	0.264	0.2791	0.5649	0.5056	0.5844	0.8137	0.5902
5:158777417:A:G	1.078e-11	5	158777417	A	G	-0.2724	0.8847	0.1725	0.6317	0.448	0.6099	0.5427
19:7256234:T:C	1.258e-11	19	7256234	T	C	-0.4276	0.01	0.078	0.01	0.119	0.01	0.1206
11:65638129:T:G	1.266e-11	11	65638129	T	G	-0.337	0.01	0.2036	0.2445	0.2001	0.0879	0.2309
2:164222629:T:G	1.362e-11	2	164222629	T	G	-0.2784	0.0339	0.01	0.01	0.01	0.01	0.0285
8:8457501:CCAGAGAGGCT:C	1.991e-11	8	8457501	CCAGAGAGGCT	C	0.2495	0.4539	0.5348	0.8935	0.4662	0.99	0.226
2:42940738:A:C	2.403e-11	2	42940738	A	C	-0.5005	0.01	0.0229	0.01	0.0881	0.01	0.0166
4:102267552:T:C	3.004e-11	4	102267552	T	C	-0.4917	0.01	0.0238	0.01	0.0685	0.01	0.1924
15:90864510:A:G	3.048e-11	15	90864510	A	G	0.5308	0.1149	0.0873	0.0618	0.0151	0.01	0.0563
11:1980665:T:C	3.625e-11	11	1980665	T	C	0.2933	0.4223	0.361	0.1181	0.1043	0.6473	0.0623
11:69437232:A:G	4.008e-11	11	69437232	A	G	-0.431	0.0778	0.133	0.4992	0.0777	0.5311	0.0732
10:18185798:T:C	5.451e-11	10	18185798	T	C	-0.295	0.8814	0.8092	0.8221	0.7686	0.8318	0.781
17:46969002:A:C	5.626e-11	17	46969002	A	C	0.4104	0.01	0.0123	0.01	0.1251	0.01	0.01
12:89719404:A:G	5.915e-11	12	89719404	A	G	0.2839	0.0278	0.2635	0.2694	0.3272	0.3026	0.0231
10:103242189:A:ATT	6.14e-11	10	103242189	A	ATT	0.2574	0.385	0.4376	0.4146	0.4147	0.4644	0.2474
2:182140858:T:G	6.344e-11	2	182140858	T	G	-0.3358	0.3514	0.1559	0.258	0.1351	0.1711	0.0567
11:130406532:T:C	7.11e-11	11	130406532	T	C	-0.2657	0.8642	0.419	0.9739	0.6426	0.7691	0.9115
4:143125235:CTCTG:C	7.972e-11	4	143125235	CTCTG	C	-0.2752	0.5283	0.4569	0.8026	0.6432	0.6671	0.5548
5:123070555:T:C	8.728e-11	5	123070555	T	C	0.4411	0.99	0.8985	0.9759	0.8983	0.99	0.9792
16:75364155:A:AC	9.594e-11	16	75364155	A	AC	0.2456	0.02	0.1676	0.0352	0.0489	0.1174	0.0314
17:61202133:A:AT	1.03e-10	17	61202133	A	AT	0.3054	0.01	0.01	0.01	0.01	0.01	0.01
11:17384070:T:C	1.095e-10	11	17384070	T	C	-0.2563	0.9297	0.6799	0.6426	0.6082	0.593	0.6872
1:11865982:T:C	1.376e-10	1	11865982	T	C	-0.3372	0.4535	0.2408	0.1256	0.1285	0.0449	0.0714
12:50521094:G:GTTT	1.447e-10	12	50521094	G	GTTT	-0.2474	0.3847	0.4708	0.4892	0.5688	0.4664	0.4448
12:50145157:A:AG	1.532e-10	12	50145157	A	AG	-0.268	0.2368	0.0895	0.0795	0.0638	0.1275	0.0705
5:148493834:T:C	1.575e-10	5	148493834	T	C	0.2355	0.6247	0.38	0.5072	0.4199	0.6703	0.1416
11:1992311:T:C	1.586e-10	11	1992311	T	C	-0.2568	0.01	0.0175	0.0443	0.061	0.017	0.0795
4:85798012:T:C	1.798e-10	4	85798012	T	C	0.3438	0.1077	0.0951	0.1637	0.1471	0.3348	0.0135
3:48050845:T:C	1.957e-10	3	48050845	T	C	-0.3014	0.01	0.2278	0.1134	0.2705	0.0184	0.2037
1:112688136:A:G	2.258e-10	1	112688136	A	G	0.3255	0.8817	0.7583	0.902	0.8299	0.99	0.9259
