SNP	P	Chromosome	Position	Allele1	Allele2	BETA	Africa_est	SouthernAsian_est	EasternAsia_est	Europe_est	Amer_est	MiddleEast_est
6:133675398:T:C	5.913e-09	6	133675398	T	C	-0.3801	0.4458	0.066	0.01	0.0485	0.1141	0.0187
18:33506328:A:G	1.068e-07	18	33506328	A	G	0.3249	0.5771	0.0678	0.0233	0.0722	0.0277	0.0705
17:38667935:T:C	4.092e-06	17	38667935	T	C	0.2944	0.564	0.0284	0.0706	0.0488	0.027	0.2464
6:151828300:T:C	5.075e-06	6	151828300	T	C	-0.2311	0.414	0.2457	0.3028	0.0997	0.428	0.1131
12:79798033:T:C	5.211e-06	12	79798033	T	C	-0.2488	0.4281	0.6818	0.6612	0.9299	0.8436	0.9482
12:2331822:G:GTTCTTTT	5.319e-06	12	2331822	G	GTTCTTTT	0.375	0.4386	0.0351	0.028	0.0151	0.1056	0.01
16:47009095:T:C	6.784e-06	16	47009095	T	C	0.2823	0.4501	0.9715	0.9835	0.9367	0.99	0.99
5:73361149:T:C	1.391e-05	5	73361149	T	C	0.2421	0.4562	0.0308	0.3467	0.0793	0.1226	0.01
3:30748633:A:C	2.002e-05	3	30748633	A	C	0.3829	0.5222	0.071	0.1349	0.01	0.01	0.0673
17:45770167:A:AC	2.256e-05	17	45770167	A	AC	-0.3011	0.5182	0.932	0.99	0.9525	0.99	0.9189
4:31765085:T:C	2.439e-05	4	31765085	T	C	0.2883	0.4593	0.157	0.0651	0.0408	0.1342	0.1842
17:79470721:T:C	3.087e-05	17	79470721	T	C	-0.3604	0.5228	0.0549	0.01	0.0511	0.01	0.1033
3:72923283:T:C	6.555e-05	3	72923283	T	C	-0.2372	0.4697	0.142	0.01	0.0981	0.0903	0.1395
7:25915436:A:G	7.027e-05	7	25915436	A	G	-0.2636	0.5711	0.9626	0.99	0.9587	0.986	0.8814
9:136190104:T:G	7.035e-05	9	136190104	T	G	0.2326	0.4281	0.1055	0.2134	0.0872	0.0726	0.1624
12:57610139:A:G	8.662e-05	12	57610139	A	G	-0.2114	0.5097	0.7842	0.9228	0.9029	0.987	0.9416
12:6015890:T:C	8.857e-05	12	6015890	T	C	0.2308	0.5828	0.1282	0.0913	0.0854	0.0152	0.0894
1:25663658:A:G	8.973e-05	1	25663658	A	G	-0.3118	0.5799	0.01	0.2122	0.01	0.373	0.01
6:129225574:A:C	9.032e-05	6	129225574	A	C	-0.3552	0.4736	0.0279	0.1706	0.0152	0.1118	0.01
4:113312293:A:G	0.0001117	4	113312293	A	G	0.2409	0.5062	0.0958	0.0905	0.0905	0.1444	0.0599
17:14466403:A:G	0.0001122	17	14466403	A	G	0.3489	0.4007	0.1128	0.2243	0.0126	0.0246	0.0699
4:2526887:A:G	0.0001209	4	2526887	A	G	0.2828	0.4562	0.0559	0.01	0.0423	0.01	0.0256
17:8052164:A:G	0.0001324	17	8052164	A	G	0.2177	0.5258	0.1773	0.1875	0.0703	0.033	0.1268
5:56505331:A:G	0.0001459	5	56505331	A	G	0.3279	0.4033	0.01	0.2666	0.01	0.0762	0.01
18:31236830:T:C	0.0001466	18	31236830	T	C	0.3378	0.5427	0.01	0.0513	0.01	0.01	0.01
4:15719996:T:C	0.0001632	4	15719996	T	C	0.2072	0.4359	0.0758	0.0579	0.089	0.01	0.3073
14:53725161:A:G	0.0001647	14	53725161	A	G	0.2125	0.4626	0.7278	0.5778	0.9076	0.8921	0.8259
4:120413442:T:C	0.0001682	4	120413442	T	C	0.2187	0.4553	0.0273	0.0138	0.0801	0.0137	0.1383
4:42527769:A:AT	0.000182	4	42527769	A	AT	0.2461	0.5352	0.0784	0.0289	0.0471	0.1098	0.0213
10:100024374:T:C	0.0002115	10	100024374	T	C	0.2343	0.428	0.04	0.028	0.0621	0.085	0.1704
21:15750852:T:TGCCTCC	0.0002143	21	15750852	T	TGCCTCC	0.2506	0.4937	0.0233	0.1157	0.0441	0.0459	0.2476
1:79746418:G:GA	0.000219	1	79746418	G	GA	0.215	0.4092	0.8433	0.7112	0.9322	0.934	0.9451
2:231318255:A:AG	0.0002249	2	231318255	A	AG	-0.336	0.5575	0.0901	0.3048	0.0252	0.0513	0.0178
17:55842942:A:G	0.0002353	17	55842942	A	G	0.2131	0.5303	0.0469	0.0552	0.0733	0.01	0.0995
4:57197380:A:G	0.000253	4	57197380	A	G	0.3661	0.4282	0.01	0.01	0.01	0.01	0.01
3:40284632:T:G	0.0002909	3	40284632	T	G	-0.2283	0.5071	0.8719	0.9284	0.9496	0.99	0.8504
4:110223610:T:G	0.0002927	4	110223610	T	G	0.2513	0.4337	0.1134	0.01	0.0539	0.01	0.1707
5:34528645:T:C	0.0003031	5	34528645	T	C	0.1933	0.4408	0.8511	0.9165	0.9007	0.99	0.7613
17:9725118:A:G	0.0003067	17	9725118	A	G	0.3507	0.4865	0.074	0.0405	0.0184	0.0129	0.0569
5:67353949:T:G	0.0003076	5	67353949	T	G	0.2033	0.4929	0.0322	0.01	0.0993	0.013	0.066
11:29270348:A:G	0.0003144	11	29270348	A	G	0.2242	0.4356	0.1349	0.0764	0.058	0.0255	0.123
7:3799397:T:C	0.0003155	7	3799397	T	C	0.2332	0.4137	0.0657	0.041	0.0465	0.0291	0.0703
14:36977000:T:C	0.0003223	14	36977000	T	C	-0.2948	0.4161	0.1826	0.4002	0.0518	0.4378	0.1941
11:33821025:A:C	0.0003411	11	33821025	A	C	-0.2206	0.455	0.9872	0.6608	0.937	0.7241	0.99
19:7242755:A:C	0.0003431	19	7242755	A	C	0.2204	0.437	0.0326	0.1232	0.01	0.01	0.0234
4:180974389:T:C	0.0003821	4	180974389	T	C	0.2052	0.5042	0.9054	0.8519	0.9126	0.7251	0.8588
3:58062955:T:C	0.0004093	3	58062955	T	C	0.3238	0.5879	0.01	0.0495	0.01	0.01	0.01
8:5170407:T:C	0.0004126	8	5170407	T	C	-0.2326	0.406	0.0405	0.0266	0.052	0.01	0.2997
11:24206884:T:C	0.0004419	11	24206884	T	C	0.3099	0.4837	0.0528	0.01	0.0235	0.01	0.037
3:64468275:A:C	0.0004429	3	64468275	A	C	-0.2734	0.5875	0.7886	0.827	0.9511	0.5742	0.8025
14:26373201:T:C	0.0004447	14	26373201	T	C	0.3044	0.4902	0.886	0.987	0.966	0.99	0.8572
9:91911703:A:G	0.0004687	9	91911703	A	G	-0.2376	0.5377	0.0547	0.0982	0.0358	0.0178	0.1329
10:76199209:A:G	0.0004696	10	76199209	A	G	-0.3074	0.5976	0.0577	0.0652	0.0185	0.01	0.0888
16:87944120:T:C	0.0004729	16	87944120	T	C	-0.2429	0.4617	0.0341	0.01	0.0413	0.01	0.0992
13:110558173:T:C	0.0004741	13	110558173	T	C	-0.2209	0.5826	0.9577	0.9564	0.9339	0.9523	0.8528
1:116240954:A:G	0.0004781	1	116240954	A	G	0.2515	0.5656	0.0876	0.5471	0.0539	0.5759	0.1938
12:93633003:T:C	0.0005031	12	93633003	T	C	-0.214	0.4312	0.051	0.3359	0.059	0.4669	0.1784
21:23371184:A:C	0.0005206	21	23371184	A	C	0.3155	0.4314	0.0358	0.1564	0.0141	0.1302	0.0474
8:84992150:A:G	0.0005361	8	84992150	A	G	0.2908	0.5925	0.01	0.01	0.0513	0.01	0.01
11:35134185:A:G	0.0005468	11	35134185	A	G	0.2413	0.4711	0.1446	0.1047	0.0359	0.01	0.0553
3:62586214:A:G	0.0006148	3	62586214	A	G	0.2537	0.4338	0.0254	0.01	0.0338	0.0294	0.0681
6:124326840:T:C	0.0006244	6	124326840	T	C	-0.2792	0.4528	0.0435	0.2647	0.0223	0.1704	0.0905
1:232884043:A:G	0.0006295	1	232884043	A	G	0.2619	0.4938	0.0265	0.0973	0.0446	0.3598	0.01
20:49545598:T:C	0.0006607	20	49545598	T	C	-0.3169	0.4717	0.01	0.0101	0.01	0.01	0.01
3:169738610:T:C	0.0006608	3	169738610	T	C	0.2202	0.492	0.1807	0.0913	0.0524	0.1051	0.01
15:95007353:A:G	0.0006917	15	95007353	A	G	0.3111	0.4681	0.0924	0.01	0.0105	0.01	0.094
7:82054745:T:G	0.0007674	7	82054745	T	G	-0.1851	0.4638	0.035	0.1026	0.0864	0.01	0.2006
11:69428299:A:C	0.0008008	11	69428299	A	C	-0.1958	0.5489	0.0719	0.0596	0.0806	0.01	0.0426
11:34128955:T:C	0.0008551	11	34128955	T	C	-0.1942	0.5162	0.8066	0.99	0.9091	0.99	0.9337
11:64277157:A:G	0.0008566	11	64277157	A	G	0.3086	0.4041	0.01	0.0561	0.01	0.01	0.01
2:86210775:T:C	0.0009287	2	86210775	T	C	-0.1919	0.5611	0.847	0.9813	0.9297	0.9236	0.9252
17:15409355:T:C	0.00093	17	15409355	T	C	0.2554	0.4582	0.0326	0.1396	0.0385	0.3496	0.0386
5:157722778:A:G	0.0009419	5	157722778	A	G	-0.2512	0.4067	0.0903	0.1229	0.0205	0.1659	0.0744
1:219748408:T:C	0.0009743	1	219748408	T	C	-0.1707	0.5576	0.9075	0.861	0.9027	0.7176	0.7712
19:6295852:T:C	0.0009782	19	6295852	T	C	-0.3065	0.4946	0.0535	0.0144	0.0965	0.01	0.021
2:59701645:T:C	0.0009949	2	59701645	T	C	-0.2273	0.453	0.1306	0.3668	0.0498	0.0766	0.0743
7:49623348:A:C	0.0009974	7	49623348	A	C	0.1797	0.5321	0.0503	0.01	0.0833	0.01	0.2752
1:228802852:A:G	0.001006	1	228802852	A	G	0.2584	0.4969	0.0551	0.2248	0.0299	0.3759	0.0315
10:31276378:T:C	0.001012	10	31276378	T	C	-0.2096	0.458	0.1922	0.1748	0.042	0.01	0.0787
10:12495982:T:C	0.001029	10	12495982	T	C	-0.2124	0.587	0.8102	0.9267	0.9502	0.5228	0.8376
13:54317915:T:G	0.001082	13	54317915	T	G	-0.2944	0.4473	0.0244	0.01	0.01	0.0176	0.0991
11:34315626:T:C	0.001113	11	34315626	T	C	0.2032	0.4543	0.0738	0.2717	0.0692	0.01	0.1527
11:76393041:T:C	0.001114	11	76393041	T	C	0.1944	0.4017	0.0307	0.2273	0.0734	0.1076	0.1266
7:157818343:T:C	0.001143	7	157818343	T	C	0.1788	0.4658	0.1671	0.2399	0.0714	0.1593	0.1557
1:205032204:T:C	0.001147	1	205032204	T	C	0.2192	0.5453	0.3222	0.1249	0.0566	0.0215	0.1493
1:88886815:T:G	0.001179	1	88886815	T	G	-0.1244	0.5151	0.0501	0.0394	0.0195	0.0898	0.0383
17:74479882:T:C	0.001217	17	74479882	T	C	-0.2987	0.5026	0.0326	0.01	0.0248	0.0191	0.1516
10:123909461:A:G	0.001243	10	123909461	A	G	0.1802	0.4327	0.0644	0.2427	0.0874	0.256	0.2956
6:108825592:T:C	0.001248	6	108825592	T	C	-0.2338	0.4131	0.1536	0.01	0.0411	0.0378	0.0513
17:20781513:A:G	0.001287	17	20781513	A	G	0.3254	0.4132	0.01	0.01	0.01	0.01	0.0406
12:125369075:A:G	0.001316	12	125369075	A	G	0.1907	0.4772	0.3001	0.0666	0.0869	0.0133	0.1133
9:136605663:T:C	0.001322	9	136605663	T	C	0.3605	0.5755	0.0156	0.01	0.0247	0.01	0.01
10:43498671:A:G	0.001327	10	43498671	A	G	-0.1859	0.4428	0.1224	0.0616	0.0721	0.01	0.1887
18:63451757:T:C	0.001351	18	63451757	T	C	0.2949	0.4697	0.01	0.0344	0.01	0.01	0.01
7:88664590:G:GT	0.001474	7	88664590	G	GT	-0.2928	0.4903	0.01	0.01	0.01	0.01	0.01
2:85282895:A:G	0.001488	2	85282895	A	G	0.1695	0.5229	0.271	0.1478	0.0843	0.4323	0.0851
17:9333544:T:C	0.001488	17	9333544	T	C	0.1851	0.4472	0.2748	0.0574	0.0959	0.0151	0.1119
9:70516979:T:C	0.001536	9	70516979	T	C	-0.1686	0.4406	0.9	0.9221	0.9012	0.99	0.734
9:4746886:T:C	0.001557	9	4746886	T	C	-0.2534	0.4171	0.9559	0.9581	0.9838	0.6784	0.9246
1:248722455:T:G	0.001593	1	248722455	T	G	0.2961	0.4271	0.01	0.01	0.01	0.01	0.0129
