SNP	P	Chromosome	Position	Allele1	Allele2	BETA	Africa_est	SouthernAsian_est	EasternAsia_est	Europe_est	Amer_est	MiddleEast_est
4:80261400:T:C	2.55e-138	4	80261400	T	C	0.8367	0.0393	0.253	0.4008	0.3012	0.2943	0.0812
1:11835618:A:G	1.73e-109	1	11835618	A	G	-0.9104	0.2566	0.052	0.1301	0.1666	0.0212	0.01
12:89666809:A:G	1.25e-97	12	89666809	A	G	-0.8446	0.1094	0.3035	0.3466	0.1556	0.0392	0.357
5:32831833:T:C	7.14e-96	5	32831833	T	C	0.6382	0.5639	0.4258	0.6605	0.6036	0.5014	0.5844
10:103146454:T:C	7.738e-89	10	103146454	T	C	-1.0995	0.01	0.0699	0.287	0.0881	0.3142	0.0833
7:106773623:T:G	1.958e-87	7	106773623	T	G	0.7507	0.0435	0.4016	0.1308	0.1997	0.1834	0.1481
15:90886057:A:C	2.49e-83	15	90886057	A	C	0.635	0.0881	0.3052	0.0917	0.3293	0.01	0.344
11:100739815:T:C	2.546e-83	11	100739815	T	C	0.655	0.99	0.5024	0.5114	0.7292	0.3168	0.8238
12:111446804:T:C	6.542e-81	12	111446804	T	C	-0.5779	0.99	0.8666	0.99	0.5167	0.99	0.1452
5:32713730:A:G	4.854e-75	5	32713730	A	G	-0.5699	0.329	0.4757	0.1047	0.3884	0.3028	0.4168
11:1865838:T:G	1.327e-73	11	1865838	T	G	0.5765	0.1098	0.3153	0.7238	0.3962	0.9223	0.477
10:18437125:A:G	1.307e-69	10	18437125	A	G	-0.595	0.0809	0.4463	0.0174	0.2934	0.0379	0.3332
10:18437125:A:G	1.307e-69	10	18437125	A	G	-0.595	0.0809	0.4463	0.0174	0.2934	0.038	0.3332
2:26691496:T:C	4.42e-69	2	26691496	T	C	-0.541	0.1258	0.3882	0.2417	0.6182	0.8811	0.6295
19:11416089:T:G	7.209e-67	19	11416089	T	G	0.5642	0.8306	0.4011	0.4975	0.5277	0.2862	0.2452
19:11416089:T:G	7.209e-67	19	11416089	T	G	0.5642	0.8306	0.401	0.4972	0.5277	0.286	0.2452
6:126838837:A:G	3.656e-65	6	126838837	A	G	0.5202	0.0869	0.5498	0.4741	0.4412	0.202	0.5007
10:61740193:T:C	2.102e-63	10	61740193	T	C	-0.716	0.0346	0.0756	0.01	0.1437	0.01	0.216
19:7255690:A:G	1.579e-62	19	7255690	A	G	-0.8201	0.2347	0.0738	0.01	0.1216	0.01	0.1389
2:164106976:T:C	4.379e-62	2	164106976	T	C	0.5063	0.0278	0.4966	0.5387	0.5465	0.2371	0.2414
15:74821981:T:C	4.224e-59	15	74821981	T	C	-0.5313	0.0699	0.472	0.4267	0.6903	0.0376	0.5577
2:164078199:A:G	1.147e-57	2	164078199	A	G	-0.6437	0.1432	0.1025	0.3999	0.1748	0.1696	0.3184
17:46935905:T:C	2.479e-57	17	46935905	T	C	0.6903	0.01	0.0156	0.01	0.1371	0.01	0.01
1:10736490:A:G	1.386e-56	1	10736490	A	G	0.5131	0.1426	0.3617	0.606	0.3471	0.769	0.1131
1:10736490:A:G	1.386e-56	1	10736490	A	G	0.5131	0.1426	0.3617	0.606	0.3471	0.769	0.1131
1:11850405:A:C	4.575e-56	1	11850405	A	C	-0.8566	0.01	0.0164	0.01	0.0936	0.01	0.01
7:27206274:T:C	5.29e-56	7	27206274	T	C	0.91	0.99	0.9764	0.5989	0.9255	0.7596	0.99
20:59158279:A:G	7.092e-54	20	59158279	A	G	0.7392	0.1075	0.1283	0.01	0.1143	0.01	0.1129
4:102267552:T:C	4.219e-53	4	102267552	T	C	-0.9086	0.01	0.0238	0.01	0.0685	0.01	0.1924
11:47654618:A:G	1.63e-52	11	47654618	A	G	0.4598	0.3854	0.6533	0.3917	0.4965	0.0989	0.7227
15:90892192:A:G	5.555e-52	15	90892192	A	G	-0.4892	0.0977	0.516	0.8041	0.3784	0.9884	0.3905
5:158390626:T:C	1.253e-51	5	158390626	T	C	-0.4727	0.5532	0.3766	0.2618	0.3748	0.3463	0.6288
12:112468611:A:G	5.648e-50	12	112468611	A	G	-0.4589	0.99	0.8514	0.99	0.5773	0.99	0.0967
10:94263320:T:C	1.138e-49	10	94263320	T	C	-0.4501	0.5737	0.4777	0.5416	0.4289	0.2019	0.771
3:27521497:T:C	1.741e-48	3	27521497	T	C	0.4473	0.99	0.2193	0.3181	0.448	0.2578	0.4019
4:80235944:T:C	1.073e-47	4	80235944	T	C	0.5036	0.4488	0.247	0.098	0.2845	0.01	0.0524
6:31795067:T:G	2.664e-47	6	31795067	T	G	0.4466	0.1724	0.4833	0.3988	0.4198	0.4193	0.7988
11:1855725:A:C	2.781e-47	11	1855725	A	C	0.4655	0.6952	0.5298	0.7833	0.626	0.8273	0.5362
10:100793890:T:G	3.497e-46	10	100793890	T	G	0.6846	0.9184	0.9735	0.99	0.8843	0.9436	0.9297
10:94140247:A:G	3.89e-46	10	94140247	A	G	0.4359	0.1882	0.6566	0.5232	0.435	0.8179	0.221
1:112501706:T:G	4.61e-46	1	112501706	T	G	0.8211	0.0409	0.0113	0.3235	0.0762	0.2854	0.01
20:10986566:T:G	5.382e-46	20	10986566	T	G	0.4274	0.5392	0.61	0.545	0.469	0.012	0.2387
12:115114632:A:G	3.467e-45	12	115114632	A	G	-0.4368	0.4155	0.4152	0.2232	0.3877	0.3024	0.2765
11:16343736:T:C	1.259e-43	11	16343736	T	C	0.5169	0.0266	0.2054	0.234	0.2115	0.5159	0.1401
12:89717005:A:G	1.314e-43	12	89717005	A	G	0.4462	0.3789	0.6352	0.7371	0.6844	0.8496	0.3618
4:80268449:A:C	1.489e-42	4	80268449	A	C	0.4256	0.9574	0.2387	0.8023	0.424	0.4003	0.4404
17:46915762:A:G	2.178e-42	17	46915762	A	G	-0.4189	0.3181	0.5044	0.5624	0.6088	0.5017	0.718
3:169379112:T:C	2.968e-42	3	169379112	T	C	0.4124	0.5107	0.3848	0.1185	0.4452	0.0813	0.8504
6:150678615:T:C	2.035e-41	6	150678615	T	C	-0.7942	0.2249	0.2225	0.1076	0.066	0.2751	0.0316
12:111446611:T:C	7.025e-41	12	111446611	T	C	-0.4958	0.1587	0.3229	0.3242	0.2078	0.1314	0.0637
10:114033028:A:G	1.421e-40	10	114033028	A	G	0.4557	0.5832	0.8253	0.7563	0.7306	0.9845	0.4141
6:32046798:A:G	4.191e-38	6	32046798	A	G	0.3931	0.4567	0.8388	0.5982	0.4785	0.7659	0.9886
6:26091942:T:G	1.562e-37	6	26091942	T	G	0.5425	0.01	0.047	0.0271	0.1566	0.081	0.1262
17:45078546:A:G	6.24e-37	17	45078546	A	G	-0.4	0.9447	0.7667	0.4955	0.6566	0.8367	0.5626
4:85798012:T:C	1.781e-35	4	85798012	T	C	0.534	0.1077	0.0951	0.1637	0.1471	0.3348	0.0135
2:26681997:A:G	2.263e-35	2	26681997	A	G	-0.4176	0.9216	0.5726	0.2808	0.6883	0.9132	0.7126
11:10249074:T:C	5.171e-35	11	10249074	T	C	0.4784	0.2339	0.2652	0.0605	0.1818	0.0124	0.3243
12:20220607:A:G	5.521e-35	12	20220607	A	G	-0.3962	0.1122	0.1862	0.0234	0.3254	0.1158	0.4488
8:10780042:A:G	6.673e-35	8	10780042	A	G	-0.379	0.8229	0.4059	0.3635	0.58	0.2991	0.7956
12:50179254:A:G	2.314e-34	12	50179254	A	G	-0.3775	0.907	0.6896	0.9181	0.627	0.8746	0.3464
11:1994605:T:C	2.713e-34	11	1994605	T	C	0.4303	0.2555	0.9607	0.7919	0.8621	0.7778	0.9932
15:74915307:A:G	3.099e-34	15	74915307	A	G	-0.4513	0.988	0.9585	0.9619	0.7767	0.9164	0.6912
11:1989738:A:G	3.322e-34	11	1989738	A	G	0.43	0.0652	0.1093	0.1022	0.059	0.2439	0.0902
10:18151515:A:G	4.691e-34	10	18151515	A	G	0.3858	0.4938	0.3377	0.487	0.345	0.3841	0.2386
1:230710048:A:G	5.589e-34	1	230710048	A	G	0.3748	0.9161	0.6769	0.8227	0.4083	0.9361	0.4889
8:26031930:T:G	6.674e-34	8	26031930	T	G	-0.4222	0.4882	0.1611	0.3599	0.2582	0.5259	0.141
1:11866293:A:C	2.012e-33	1	11866293	A	C	-0.7592	0.01	0.0909	0.01	0.0599	0.01	0.0547
4:155481502:T:C	2.431e-33	4	155481502	T	C	-0.3654	0.3142	0.2059	0.1021	0.5368	0.01	0.6607
1:112503773:T:C	5.284e-33	1	112503773	T	C	0.4233	0.6623	0.6558	0.7137	0.7467	0.5153	0.8779
17:61398281:T:C	6.501e-33	17	61398281	T	C	0.4138	0.3328	0.4591	0.3518	0.7303	0.1309	0.5996
11:1984564:A:C	9.37e-33	11	1984564	A	C	0.456	0.4708	0.4538	0.4727	0.4715	0.5227	0.4752
16:75398926:A:G	1.415e-32	16	75398926	A	G	0.3653	0.2715	0.6425	0.5384	0.5874	0.8153	0.5713
1:11764518:T:C	4.647e-32	1	11764518	T	C	0.4095	0.6849	0.632	0.9063	0.7325	0.99	0.6407
11:1870089:T:C	6.209e-32	11	1870089	T	C	-0.456	0.0121	0.5497	0.0637	0.2088	0.01	0.2312
11:1989975:A:G	2.727e-31	11	1989975	A	G	0.436	0.0376	0.0267	0.0295	0.0168	0.0421	0.0299
4:105989801:T:C	2.836e-31	4	105989801	T	C	0.4164	0.6495	0.7232	0.6174	0.7691	0.2444	0.6738
7:27212627:A:C	3.148e-31	7	27212627	A	C	0.5895	0.3739	0.9145	0.5262	0.8952	0.7386	0.9849
12:54047714:T:C	4.456e-31	12	54047714	T	C	-0.3851	0.2366	0.3495	0.4188	0.2952	0.3534	0.1775
11:65638129:T:G	5.243e-31	11	65638129	T	G	-0.4358	0.01	0.2036	0.2445	0.2001	0.0879	0.2309
12:89838001:T:C	6.77e-31	12	89838001	T	C	0.3902	0.0997	0.2405	0.1182	0.2802	0.0862	0.0854
1:112504556:T:C	7.587e-31	1	112504556	T	C	1.058	0.183	0.01	0.01	0.0362	0.01	0.01
7:150993088:T:C	8.461e-31	7	150993088	T	C	0.664	0.01	0.0363	0.01	0.0841	0.012	0.065
11:17362995:A:C	9e-31	11	17362995	A	C	-0.3577	0.99	0.6924	0.6551	0.6106	0.5913	0.7213
17:45138914:T:C	1.447e-30	17	45138914	T	C	0.364	0.6731	0.4412	0.4377	0.3387	0.5053	0.5226
11:107226051:A:G	1.46e-30	11	107226051	A	G	0.3486	0.1476	0.4439	0.3496	0.4813	0.2896	0.3884
7:106794590:A:G	2.686e-30	7	106794590	A	G	0.4477	0.6286	0.6157	0.18	0.1828	0.3868	0.1998
11:1980665:T:C	1.483e-29	11	1980665	T	C	0.4142	0.4223	0.361	0.1181	0.1043	0.6473	0.0623
7:151716108:T:C	1.604e-29	7	151716108	T	C	0.3831	0.0734	0.084	0.01	0.2838	0.01	0.5314
11:9740727:T:C	1.733e-29	11	9740727	T	C	0.3445	0.4838	0.4241	0.3992	0.5863	0.5371	0.8663
1:11779941:T:C	2.578e-29	1	11779941	T	C	0.8806	0.5579	0.9437	0.99	0.9605	0.99	0.9491
11:48669641:T:C	3.12e-29	11	48669641	T	C	-0.505	0.3053	0.1428	0.1659	0.1344	0.1294	0.01
12:111246449:A:G	3.379e-29	12	111246449	A	G	-0.4059	0.4041	0.5445	0.4664	0.2238	0.2971	0.0267
5:158554977:T:G	5.879e-29	5	158554977	T	G	0.369	0.5261	0.3241	0.3133	0.2975	0.5197	0.1242
5:128509337:A:C	7.113e-29	5	128509337	A	C	0.3427	0.9222	0.537	0.2111	0.398	0.1413	0.247
1:112585590:A:G	1.967e-28	1	112585590	A	G	0.4145	0.0439	0.1758	0.4769	0.204	0.4998	0.2513
8:11738654:A:G	2.276e-28	8	11738654	A	G	-0.3375	0.3834	0.3464	0.139	0.5624	0.1771	0.7867
15:80750475:A:G	2.79e-28	15	80750475	A	G	0.3327	0.0378	0.1779	0.0372	0.4852	0.0553	0.3272
6:32152938:T:C	4.449e-28	6	32152938	T	C	0.3748	0.7882	0.5857	0.5944	0.6823	0.4629	0.969
10:94194824:A:G	7.049e-28	10	94194824	A	G	0.4059	0.3867	0.0752	0.1105	0.2169	0.4023	0.0863
19:2177626:T:G	1.555e-27	19	2177626	T	G	0.6889	0.4188	0.2391	0.262	0.0617	0.1599	0.0203
